009000800700004000600200010050190000200003506006050000000020980012009600907000100
004000090000050106003096005005007060002000704900000000030064000050200000800700040
097050003236008009500000000080019000000400908000802010600021007100000030970003000
008000570029500003030800000050010700000207006801000040000430000410000600000000001
400000800180200004005070000004006000090010050056000003600002000000900002000004031
000080070070400520900000300000000000310700090067905002043500980500000643000000000
000000087008600000490005000004300006000060075306008004010420700600000000000000430
090005000650040003000070460005010000000000079860000020000002900200001004080754000
030086210070000000000000049200047300063010000000500000001030700000000060087000401
000380070049000100000000009100600000070000004065000210000002007300060500490800060
100000004000000700300008510039004006000160800000500000000001000410070053087030000
019007005000680100004009000560000007030072090000000300900006050000100000000700031
003402005080100046000308000020700900340000070007000014600000009430009600000005400
000002000530000104000000007040210600000040050980060000004001705270006000800000306
800010370001038000030400005500100000002900004080000100150040080090000060000000400
002540000806700200150000000000209070260000008708050010001020700000010860007600001
060524100000000006408106000090000650800200040000905000000000000104070000987000031
001000000700650000080700000002501600109000040050030010043000005000400760900000001
030007500650000000000060009200300006009080050007020003400000980000810600000090021
000300000000108200074020000000030080048000600020000001001004806062000540080603000
008405000040009000090800500000010890700000405900003100001000000000000720000127600
400200005000009070008000009003000000705091000000570020061000000030050906000904000
800005006000100000000630400000000000103004000050000012000700900030091500006040000
070590008030060000109007000300800750010050000900006200400000907000000000000180030
270306000000070000150209007003800002010000708000600001000060800609000020700002900
004000000008009060000300418000180030010900506700000004050760000036000002000002000
000049100000200090050000008600578400500060080000000016029000000100002004000490030
002600008100050600005000041000008000200091000070000000500000006308020105060800430
570000000000007005009100002051076000000910070000000006000032087030000000090705020
000509040000008209000060075030402060100050090800000000043000006016070050900000000
000800000000000034460301809080000000910204008004680100000002000200090600090503001
007045000206000800010300000500010080003080060000704000002500900800400005060000000
506007000700100030000050000010230900200901500000004000005000007100000600890000020
100000008040020060000083000053000000700309000090650010400500087500000002007200301
000040870000600039003000050008032096000006000470080020000300900002879060800000000
002500980600080001080007400300100200200000095005000140010070009004030000020000000
700190400091007002050000000003006700000580004089700000000002970200000000005040001
340000067000000010000074000050001090004900000009607003872000050090200108010005000
000100007030007086000020305000000009500208010001073050610000000007001600082000030
000000300030004296600000004300209000020000070106070400700000900050900700000063002
304010000090000053100009600000003087040070000907500000031290000820001500000000000
307060000000002010000309080004297000026000900000000004043001000802000050000000421
047208000000000100060500820000090060000027010004300000000000697008001000700003000
300085000800200500004600000000078060000900070000024000500100800400096050060000001
600089007000100009000006000200000604001007020008000090702500000050000040900874000
005200000080010600700408000000000090200890370008047002001000986003900000000000001
000005000030000049005030027040060790007800050080000003000920800200000075008070000
000301009600000200080000034020000500000003640900508007030004000400900050000080000
100000080000030209300008000000090307050004000060085002000800070506000000080073500
002009000009053200500000160040000000000018004000500300000020900060000803073005020
200470080400602000080000000001000900300100005000060200020050000030007060076001503
008000000050080109120000700000003900000000580600090401000002005032700000070054000
010500003300000908009000025030190080005306000098000000020903000000070500006000002
007400000580000072096000000000002000210800530000563000000001980000200600900050001
170024080000000000000068040000900300400700005008200610650007008001000050900000400
000200300000010075760000000300020009004000500200005000010900800400800053009700204
420500300000100000009020000500403709100005000003060000604000090030007004007004002
000005070000208000170000800300000006700010030690300018001600000800090003050000021
876000003040070000305000010000400000000009605000500230000012070032090000000050301
096000200050040300000030007010300000060000019007000500500020070000680003000953000
300090005002005090004700020020300000080600504000080230500002000000070600769000000
100000000005001078000900006080070400030000001090050027700000060010000009004085010
000000005060100000004003060040000020706002040800040010000320006000800700907600001
002000809009200065060000004200064008031980500000000030000400000100000600087630000
010005009000890000000200300301000800080000060000020013060053980004900600500060000
000082150500600003400500800001006007040000600005870000000301080002900700900000002
006000008000509000402000705090100000004002000600090030000007006207080040800040102
050006000008000070900000050000800000061020037000100400042001005305900704007000000
200090000410030060006000500100002008000950230000000010002800070000700000980005001
600005009005001060008020010080000000040080037009003100006700000400900003000000021
000200050800096000060400090009020004000509007000060300501003000600072800080000030
003004005700060030060009000000300700300000006890050010002000870000805002900010000
005007000000800039000900260050090000000275000060000012001000900200001600800000021
000003700700000006010029000008000009200900000000004523060040007032000060900600032
080400007000000109946000000300080000000090003000006410409801700010007000070000320
080004005009000020200070040160020000000000804007600010602400000000800650000750000
000000560000007090610039000004000000030500208007000100000041005003900700800000003
900067000600100020000003500400000010030200007060008090004000070029700050800004000
200870030000306000010002000000001006003260004000000320030007060700600940980040000
000000082080000900009037000005000100008600400200480005043000000000060500000543000
046500010000008000050300007005031000030070060800005040004000679600100500900000000
070000000000102060400098200503270100002000006000005003004000087000900000907050000
000300500000020010005000840002000060068030100710608000850003000000007004976500000
200506000000080009000000160000900000046007000008065010004000807032090600980000000
002360000000009021090017000650003002070090030000700160700602000000800004008000200
100053800000200000000046070026030008300002060080000500050001000001000000000760430
000500180401007000000008020007083560000000003800600010025000000003092000000000400
000000380600000010230600000300006005004020000700090002501702600002000800060004000
000007390006028001100000000000086400087400900900005000040002080003700000000000002
025000030014070006090000000003000580002009070500800600000500000006980040000640001
020040000000080000040209075005100002031000040000026010004010090300000604007600000
005370009008009050000500400000003007813420000400080000050000000020000700907000001
030000050108000000500000670700200000360091040000760001000902000000070003980003000
200001000008000009400060100360000007009000680004096003000074090602003000080000001
090060000000000018870500002050001000009036050700900030004000980010807003000000100
000000060005720100008009200910000003007008096500007000600032900040000050000800000
200109700001000060050700010470006200000052000000800094003000070102000000060003001
000000000023000900005400123200000876031008500700500000010750080500180000000000001
000400000000009070100206008004032000012004000800000030003900050500080003080000200
004000000650000019000300800302006700100007000000000042030742000000900000207050001
000900500070508060000000008060007200000010040008000703000030980320000050000704020
000100253003580000120000000060200708000703000009000006000000080700600020500007001
090130000700000009000000080025000000004827600006004010451000030200901004000000700
200015070007300010003040200008030050700002009640000000050000006000790040000000021
000000030000008600500609100100000000830060090059000002006000070040107000000080021
000040006000007400049000002500002860000090570080500000600021000120700000700000300
970000000000000084000082070205090640004000000000030010000600007621900000800500001
050400000786005200010207000000000008005006073600000500000903080960070000007000029
000036040063000008700200090030600070000400580406905000005000800000090000000001002
000000009059604010400090000704300000018006200005710046000021900001000604000000021
800029000030070206000000000000400009013000800070603400002060907060700080000008000
480000069000300000000000820290810046010000008030700000000002000820901000970040000
050000000000007345107000008000054100002970000900602000000020087030480000008000001
713000020800200500050007000100900007500176000000500040001000900040030000006000002
000000070060840000340207000000100060010000093008005100530762000070000500000000010
190000000000014000004306100000002060805000000062407000000800920500000010903200004
400006000080000007060002109000010200091800400870000000004000980700900600000004030
020050008000030009019200300040300070005020800190000000001000900800701000070000200
070030065500600800002000003000920008080000600400006000003010000600800007010000032
000060300090108070800000010000300700004980100089000004000005060718002000960001000
020300000149006008700008000005400009000060470960000300000004000010900053007050010
800000100000010006405200090300070009100300042000024000000000008074900030006003000
009000006300000500000100020047500200060480000000000760001005900020090000900040000
000090007700001400860005009000500000003900150106000700001030000030700500000004002
090003000003000200000590010580000900300000005020740000002900008000032700070000009
000000079009050460400007001000080000301509000090036000045021080000090000000000312
000500009009000080070020506004200000205700060000650210000003008030000700690000000
084090020079000130300200000005109004030000000007030000000000006900780500700040001
050000040080910000000030218001600050060800000507003000000040000600100094002000006
000000600140900008058006100000200000000060010320009050030000800500300004907050000
200000850405008000060000003000504109000000070000010340004000000302985000090070001
150000000700510000002000040410000007000009003008400000040002800006000500800050321
090000324000300970000004000506043000008700006100000200000002700204980600080050000
000300000000006040350000000004000100002060905000010002200001700700003500006078001
000007030400300100320080705050401000030000050090000020000900804002070000900000300
000000090200047000004200010060001070003020500090000000050000900400078000087060000
004000100000009040807000030005840060000000803009053400050380000930000000608004001
000043000013070000500100000000900004060000010035000708000000980000006430900030075
203000400000085000000009000406200090500800000080000300002600970000900081100000000
800000000000000049000089030000000790010030060709006002003620007001000000000508001
003009020200030600000005800000020000708006040030000209010740060000950002004000710
209000007700000080000200400040000068000063090000000300800900000900501002007020000
070030000000500800050008003300000009621900040000400030010006005007000600000754020
009000100000004038308000007103000600200000000000761000000080004400076003086400002
030000070008900005000070400004000006200090700000560203050800030801700000700000001
000049000800000000102080040090000003400000800078000012000120900000090050007600021
060000890000000003318070000090001006007800000104000000000000500530007900706054020
020390065030500000000002000350000000000730109000001000064200007000000600087004001
200000000640520130000030024001040857000000000000807310032001000000653000700000000
000000000005009080604000000000001000000092500800035402000003900006027004098654231
010403000000050000009000025250000800060001700000080003032010908000830000004000070
000500000400009000009010460700095000000000003098004500000000800072003050005980321
000030000000700509508006000003180000710000480000024030000603907000000050090000316
090040500005000400400009060010080009000710040070400021003900006002000000000653000
100006000009000004200970050040005700010830600008000005003001068900000000000590000
000100000500000030740000200085200600107090850000010300030054070004003002000000000
008100007040053009000020030000000690801600040070480000500002000209010000080500001
000950006000080700090400350700800000003010200085040000320000000001003040006000001
090420000050000006100000708200000000900007305010590060500600000072001000600050001
007010005010006000050000064000040709300000500090605000000160090001072000000803001
500009000000047080060000100005100097000000048000054300600002800042900000900000001
070003000100008002000000104000300080300081000006052400050094200019000005000000340
500000070060020080000507209070840600400100007001000000004700900005901060080000000
203700040800010000000008105000100607009064080050003000030000001961000000000000020
000380200000007000800050700008500000142008065070600002020000080006870001700001400
000980430030000000080005100902000300301000007000052000000800700200690003000000021
020069005000000008306010000500000000700206000004000810000300007013008000090000200
010003000035900100009400200000080900000160030800309000001004090024001060900000020
009000041000007600000008000010005030000310020700000000050040009130009050000050012
000020060000107000100000904000080079200006003006004280000060890038000000040000000
000000000000009060710000008000010000450000000030000412005021097000800000008460321
720018300001000020350000000030100008400090000000500042006042087803000000000000001
000000000340520000010000094003007600200000075700000400000071360021400000000080000
000008100000170400000000050312000000000800002005340000070400800501000000090005321
000300050000020036057040009520700090003000004801050000100002040070001005000060300
000800000761000030020005040000043095004009000030070002400000800007280900000000021
806100000000500009000002040200030500400208090080700020050300000001000054090004000
300020000080007400007000209001203000000081045700650000530000080000000001000702000
000000080060000703074008010058013009001460000390000000500000007040007805000600004
081000070000000104400080000600004000000200000190005400003802700000900003970040020
000005072000000003060103500040300000600000090790050200802060000014900000070040000
008030906300007000600000040000078600030020008000500400490000007200900060006000002
000002450080000100000400028010000007309100000000030002501000900604009503000000000
006000000193000040050093000501800007000071500000000604430000005000580002000400000
000040006000300980000100003080000000010005800500060300400700000036009007890000400
019508000004000000070000180000090067020180009000050200053700008200003700090000002
308010000140000028000500000500900607064000000090470010030850000006000400080040001
000500402000032010900100060005200600600009080300050004000900000016004950007000001
035000000090006000004020306000002008000168000000054010020000087000901650000000001
009800060600400007000002400057230000000000040010098070000020000000009600070600021
000000200300006084005070000000247000020000050803090000500902000000001040006000301
000304080000050000402008005008002600240009000000000450030020070006870500070000001
000010000039620500000359000001000200004030065200000410000093000700000900906700020
400000020000080109020900030000000500000120807070064010750000000200706004600040000
000206000000045000067000320002000400703980000900000730301000508070801000400050000
300008006004107080060400000000904070700006800000000000030005000001090760080000021
001097000000200000090060300504300060003005700080000010600010087300009000008000400
000006307700400000030001048002009070410080000009500010000000900000002001080160430
700100000004020309100000000000075200200008000090000001005800090030004000000050032
000000020003060004780009100050092867007000500000058000000800070520000000900000010
107000000600200108000060002004300090010900005068000400000003004040890000000002031
000030100900000000500079200070000094005406000093000050000600000004000031100750000
300000062007008100000053000010020006400080009070600000001000080040001050908030000
053009070007300100090080000000000800300900004000704213031640080060091030000000000
000005000020600000009000034000100008000032006904000300002000907501009040003064001
000060010070503000009100007301000000000802030607000400000000305005000780000004001
050006000120040600300070100000900800003100000807000003000000080000031042000004501
008000500000010064102000000500004090010900050000003001040500987009800002020000000
005100000470008100000400005006000089230007000090000000049000070003050901500080030
100000000040090200076400098004680000090000060080900012000003007003000050000000021
003050000090040050200800004008300190070004000000000000000180705010007002005000080
100000400004059108090000007600300000000000005907100800001502000000600040802074000
300008006000000205704000090000007080630100000000560002003200000401050000000000021
100090007000004005060010483006005030300000004080630200001000800000700000890450000
000070000000510006036080004004000030910000002060050090000008560800700000050003010
030000140700008039108040050500000004000400570080000010000670080090001000000503000
000000040600000008007590100070380001000000000300600800053002000100008600009750002
075906080802500000060408702106000035000000068059000000010000076020700000000050000
000004008850120000000006029003000800400000017067050000000000000040901750970000400
000800006000000040680000000250041030013000005000070000041002000030010050090054021
370020000100004000009000046000030007000000100800400000500060900002091053080000020
001000070004009000900500600020000008040230000080060500000710800610092000000600320
050060030400307000000040009000200000030005700009030105300600000147002000006000021
400590060010083000000020009005000708308900000000004010000000900006300050800000001
008003000450000000090020400003000000100400800800006923010000609002009000000600300
003000000490200100000908003730400809200000706000600030040020900000080000987004320
900007060200000049060800000000070006100002300009005800005004900000780000007600000
280060007301009008050008000005000120720030000000902003007300800000000740060001000
007009000050420680600001000000000050000070200076050003060040000401000700098000501
100290000800106090070000040010008500000000607700000000000800050030901000980050031
000006800500002070000000100090065000608010200002400000000000006127089040080000000
000400870008203040000800000000020760702040503090005002040010000300000000000000321
800300000001000700073020000030000650000070008746800300000080005010500060000064010
401000209060004030050001706200036007100000020007200000300900400000015000000043000
040008307002007009800009000000020000408001000006070021530000000000904503004000010
000007003000568107008300000010000040024003006069040030001002000000900060907000001
000020600480100030000098070000300809015200000090000100000002000820010007006050000
040098000800600010200000900000020100498000005000003040050241080004000000000005021
732000004000000000100005280041030005300007000008000010400052006009000000500043000
700000001002000000000631470900000000005240009000000510000300060003100004068500000
000100000004078000800000430100000002060800000900032050037005000000900700000040001
000000000070300026000619300087100060106090708405070010500030900000082050000000000
605000007090040200300100050054008000200000004009600000000000096030200005000870400
200000009009640200007000001000001008500400070000090300060010003025900000003700010
802000007000007000506000200400300000050000008000006010000601004620040700004050021
000000300000027005450006000030850109010000000000700020001000983003004002800001000
007089034000010900300000080870000020000040060006000703780400090000105800053900000
079300000506089000002000000090003007000072060600000000300921800000700003000005201
700008000600000204040035000000100500100200906097000000500000760006003180008000000
000400207709000460060050010005079000074003000600200000000700009036001000000000320
002030000005200067700040050000083900000102080090405000004900000061000490000000001
100000009009000030030000800003019400200430070410200500000100907300008004008050000
080030005704050030001000900000001000007500480003080000002010000000073040500004006
290000000005000162000030000000000800020603040070408003004060000000000000900050321
049067000500009070006000000000080059702900000000500002200405000000001600000000401
000009030900807604003040000001000382020010009500000000000060805204100000600008020
000300000012000060409056800050000700000029108000600002001000980900700000007003001
000000900300000010000924000205010007007060800090003000800006029040001500003040080
000000103208000000000010200106029000700000890050000002000200060000108040980054000
000590040020000609008000030503021800000009000090006002031000000000000084000043021
006000000500700109009060000030001000000083010008000042600300907300000004900600000
053008007000000006792000500070100000000000003000005420400803009300700060000054000
004000300000001060030008049002309800060000000000004000600000900000090052028056001
900000000010800270780020500020090700300007009000600000000040000000001600095006031
000708500400096080070040026004002000300010700008000003610003000000000060000050400
000109006000300080010070020800000900032004000609081003500000890700000000068700002
070060050000107008060030000013509000800010000700306100600200900024000005080600021
000000402800049010004070006040600090027000000900000100000700000230010000000004231
003000706000070040100068005065020000000500018900000000000012007001007050007000320
051000406000000000360000170040200007000600019006300000600007000500108000080000531
002008000435000000800054036243000005000040700700900002020000080300090004000075000
000000000730015080019008030000050000000003007500270013051800000000000004080004320
061030000500000038004000090030000109040900000600080003000091000050008040007040005
080000000007000040905210006020049005000100090000520400100000907030000650000070013
003089001604030800000040203406070000009608000830000005060051900000000000080000502
000010060300000000005004320000500007030006000027000680000042000210000050900760012
000804300100007009200000000000009840007020000040600000001000760980000003060000010
040006090006010004080090030004000000009800300000064005500001600000908700908050000
000600504060209000910040006100000839280000100003000002001003070030900040000000001
070080009000000060086340000040235000020018000009004000210000000005000870008000421
000007020060000000050406130200015006000008005080004010031000080000081700006700000
000010000020000010705306000650000000000790600009004301031905000000000503080030070
290007008800000230003000000300009050006100009000670020000901300020008701000000000
000000000308006100400080703500009008040760030070800400001020090000900800080000001
100280039000107400005060000030070052000006090690002300000000000002600043080500010
380500000010200060006010000102000976000000000094700302060002780003807000000040030
300060009000100350800020000000006000070000500698000401010039208003800000900005004
005300094080000020700000500090000800130050000000730002000594000040070000000000031
020000006001002030040008005060001000000030500407000010600003087200900004000600020
800200000005006003002000004070009000000508009000000200009031070030000042050040600
400000090000000000005030100060000007030005002050002000000900070001870503800003000
070006005050030219000050000100600000000003050006007403021000870000002000007860000
400000100009137000060009000800010000050700000107040030000000006900000075600053400
008000100003009007009015000070400060000168900980000000500027000000000004000000301
030000700508000006200005003000010605046000000900003402600320000000800000090004020
002060098100502000900000007005080000000006080407000260001000000000700000700800401
500006000640900300009002000000600804803009000096000070010520080000090040007000500
200030000000020046005104000030000085000001900807000000700013060023800004000000021
900050000400009060005300200307010000160000500009603002000032090000001003090705000
009700000030000006040200093000005630400100000000063000050000080010000004908000021
200008079070000000009400100010305090300000060502004000030000007000000000005067401
120005000080020007009010300300000500700000002000302080000000809060001000890600010
020009000000800170006000040400000000072400000890000002000003087000901650000040000
012000030000009000900000006408002000050000003000800000060300980000701600070064020
000300008003000067070009200000007400540090000700030910005020000000000004980004020
000060008120030000000000046004100093700000060290000000000021000300070604007000301
000300007000060800030508000700205008129000003000070010001030000002000050000604000
000000000070061003008370290002000040300000900010700000000043600200000700080000001
000078400500200000047600200000020060052006000800000010001000000000000843006003500
010400000300070000040009820001060098000090070700002100060001980000000003900030702
008039001000100008000802037070006009400000050006700400600001800020000000085004002
050000000006000100000430006040000810300908700097010002000001007021060030030700000
020060100100203000000500070000100006040050000005009002002910307400070060008000000
000025086030600000040100007002000000010930005800052000400500900003000000000204530
005009600020400000800206500001300050040000100000060002054910000102007000700000030
060000005000028000405000870000760300200900700009030060000052000050007040807600000
300040000000000008800000207090010000152003090000400000001007900000600745906000020
900050030000604700000000002090016000500000000060008300300100006001090000870000209
002000100000120097000800004060009500100000000970004010500700000430002001090050002
000006000300400108040000070100028609800100000060307002000600007002080004098000000
270000000060001000003000500000007000600090054008040210080050900406900805000016030
000400005070013400400009000009230010502800700000090800000021000000970600080000001
000000200000839000019000850000490000100000005070016400700002000500900003080060001
039000000020400800000006000010560700700000004005090000052100000100000605000050031
000003270000040009000508006001005090380020004040000310630050007000009600000070020
100000040000009058020400009064000000005060900090500020000002000050900003006001580
200090050370000068000000009000006800030402000107005000000000000020689000900000021
609000000000309200270000030510070000800000000000002104001000982000003000005020000
000002008200580090107000000400050000020010000059046200000800900000000040005004301
000020009004500000000000070000080605006000730400300002300900000060001040907403000
106002008030000001400350200070000020200000170000060800600000900000070650000005012
008067000000000508000509100530000000004700800000904210001030000043090002000000400
000700000020010080800026000010000030200009006006500400000030004001400005040800020
790000100060000000520060470000000009300000060005780000001650000002001040000003020
000300000003407000600000000200003760000009080890020010500040900007000000980600032
043008090000500040000000087709020000006000000000007200000003009502901000900075300
007050000052100000000000802000006000395020000000900300000000960801607003900003200
000004080300060007600010305510200000007000004800030100003000290000080000000702003
050070009048020000000000400000600900400500100006001002002030760030000000080700001
000409000000570040270003000000000070105000009000080500020000900003020004960000020
000000040015000003690100020008009000100070000004305900500060000001700054000041300
300000170009030000060080000050400000100000890000070002020500080090001004004000021
000109600006500000000000007300080070000010809064070130500020000023800000080000010
150706000000080100000035000360000840200390000008060000000043060000900000040000320
000270300100090400060000008030000000201007000000400020600030097050900004080001030
000070400000100080700098005200705000000000103800000790001000004005000800000640001
000000100000006020206030700100509060005000000072340000000000080900801004004900300
000000000050000108000019040080000500010700069900520000002000000078900000090005432
020000048560200070000300000005080007006109084800006001000000000001700065900000000
000003000300060920700500008020000030940006000003000602000080000050900000000700541
000070060709800000000005100002000000340000907506407000001000008000003000987600043
000000000000009500375000200000090000200010090090700400000270006028000000900060301
100070000005800007000006000004060008076000003030005079000003085040000000010900400
000010005001403000796000000000070060002000073300000400024600007000900000087000016
000420500000090000310000008500009006037000040000700010050100804002000000080053001
004860000000050000090000470030070010000085700000014206060501000520000000080000021
000008050000700030000304009200009800004000005790000000403610007010070003960040010
000000000000310408351000700020050000000008020408600300030970500074801000000000000
030007600000920530000000040040000000006070080097605000004000070302096000000540201
000200063002040100010000000200000780036100000800004000050001090000070000080653000
100004000090000008004020006500017000009400750400950600260500900010090000000003200
000805070000000040790400000310024080000000009005003200001300000020090700900000401
600000000094100000020000069005060003400500900160003400050000890000820004000700320
005000040008020700000010005000004000100760490003000002000000600200090000890040021
800095000000800200020300504500000807004009050000030040050000070000900000007001403
037000500400230008100047300012000007000000000600980000000601090500008030090000004
000040108800000000000600500000200060501000702600000000060020900730001000980065020
700003000000009104600040050020000000005070003000906500060000008010004000000002431
300049020070560000000203004002708500000090000098006010005000907010000050000000000
030800600200060000070000050000000009020900003005000100600350700302008004007040010
060000040004008060000050200000000003000014000480003021150000000603100800079840000
030069400001082009000040100004200007100007800000600020400000300060920000090000010
300068400002000080090000005820170000100030004000006000010005090200900000000600021
000900300005608000406000100000003079100070805087000000008300000030002006000000030
005060200100950008070000100600000080014080000000006402500000000007000006906000341
700048000009005067030009200000900050006800000380006009500003090000000004070060001
000290100000001000060300094030000000602800400098050000500000000040126080000000021
206100000900500000070006100000009006000000208009270000000930080501000000000004321
000302090700500400000000005073069500006040000000000009050200000300087000090600021
000004060080000700002100003000006090000710000709030010600840000003000085007000001
000200470003050009000000000000000600020018000090700014340000900000002060905800000
008600000000002130100004060000070508000000700906500000060040000000300000009805320
000100070000005000010079640400000080060000904789000012002003000004080000000060001
004000905095200000360000010809006000000530000000901400040300000600080050000000020
057006040000097000020000708036400000500009000000070012000800000000060004900040201
106000000008020096530006040300000500090400000000270000050302000003000004000004021
040000006000023000050400030000307050500040002007000010402000000030286090080050001
000010060001083045000200070270058000050090000800300004502700900000400050007000000
000310854000000000000600230009200000300000600067000010450800900800069000070030020
000000410800060000000008009406500000002000037000092005170020900024019000005000004
000000006140000020092307000700004100000006005006080070000540900405002030000000002
084005002000000600007209050040000090700006000008500100000040070020907800900003001
004000000001006280050200000000407000920600010800000002000000900000700850008032601
830010096002060000009050000000000000000506807000074002051000900420001600900800001
010000240080000000693400005300201000000080409108000000400010000000006534000503000
000670890000002306000000000400000008200030700603109004700010000301008005000003900
002009600060002300003000008010060900000000087070010004000704000304890000900000000
000040000000000507070050200401200000030090000008000402006800004005900800900765300
610284000000050000800300010020000900060000005905000600000042070040600000000070031
000030009400100200008460000014000000003008700800590000000040980000000030900003420
006207000018030007200000010000002900000950000030100080700020000002005063000000401
090030006017060040000007000000305000000076000060021308000050060700000002802000000
100000200040006000090510006020100703900307010000900002004600000700000050009004001
004005000090000370600000010000009000009810200070500000001062007320081500000000030
000900060029500000000006030000200700130000600000030010500020870001000905087000001
070000000900602000000030600050004000020010004000800013300000080001008500000705000
000500780000008046000010000000000008004100560090306000001600000709020000800004320
000010030040002100100009004003004006500000000000800002020000008800300050905006021
000079006009400000600210030063100800010030040800000200001020090502080000000005000
000046100040050036002000000013000000800013000050000000001002907000890600080004321
000005009008400000600000040000000700140708005900000002400600080005820600060000021
300070060000004080204600007620007008010203050700050400000000003902030500000001000
000000004005100070720040005040003100060007008009010020600004089230070000000050000
100080700300000000058100400000278091000000807000050000500001000001009500006003002
400200000800000007050000400006070000100320005200006014000000900672090040000500021
000305000060000009310200500000400070500000603090060000100000086020080700900000301
800030420000000001100000803000907000020803740006042100401020900000700080000000000
000800000400009300003600017980000203000000040070200100017000094000010050000470000
000040100200000050009000070040200000001005908500003410400000009000380005005700020
080000000000180009200009100000058300604000018000400005503000900001070000900004020
008070069000000100000340000002030500607000000300089000000090078030001000085004000
018207300500000007006008010050100000100020000009000500000000000000300840987040002
070940000000000000932080000003000010000074080700810402200000005050700060000600021
834016000000000000050400008000009060206000000008000013000740000403900600900600031
070040000000000060008037009064000500000402007100000002042300070031900004000050000
020000600803000024000008300300006087000090010000004200005020006901000040060049000
010000036700006005006053700005809107100000860004017003050020900020000050900000000
000036009070000000086050000010300004500010006000064520701000000040000060900500012
000160020000045001005000609306020008070008000100070000000800070601002004900000010
090000708000200030080009000210300000400090005059400000003000800000806043800504021
000107030090086001070000650000600700200010800050038090000000087802003000900050000
001200090400108000000000000070500004000009700820000500740001600600004008200705031
000000904007600200040080003090001000002300090060000130300900070700006000006700301
009060010600009200201047000000120800000000594700000000002000000070030006050800000
005000103008007000000460000050006000010390006600000002001000900830001000000004320
300100000100080000060002007000214009000000600008506014000000900043005000805600000
040000080730009000060100000406007020000200900020900540000000794001002005000060002
000800001260000004007020000500206470000070003008000090000900000900000640806050009
000504006090080005000000740004100000008720000700600500501000090002800600800003400
300090520000000000200030000001006090080500000000008016600001007020000050010900430
000000200280030057000070800001000009800005000070060300010002000620001705000750620
000000000060007048001060700000703090805006000020500003050000900300800000907000030
000000030085006000300900000000028004409000500002040070900000058001700400000004301
400000038005040090007000000010600000300090520900002000020031080000200054009080000
005004069400000100000210030630090000021400006500070020064000087002007000000003010
200031008100900000070000090400800000005000902097005010000080000700009800060054021
100000000000049070030608009600000400040002008000090200001003000300000060806000021
600000700100000659070005040082000060000000004069500008051002000000087090807600000
060010000405360000009000008308020006000000000000050014000000090003081060890630040
000007108000000320400020000010008000050403000008060000020500906940000800060080031
000130000001600000006004203070000080800370006300000000000002098004000005080560032
000003000800000020020090100060009300300020590080006004032000805405030000000700400
048010000009000000300008020406000700070025090000400001000293070000840905000000300
000004600008060057570000000003047085000003000097056010002000890800000070000000032
000200036007900000500000002000000028200870900098400010030601500010009000000000000
006000000000000038008090105060300000300710096001005020602030080000007050000650400
003617000700200059000090000000000608200000507009860000100009000025000400008000001
000000300790504006002036094200060000000009040060400000000700009006902050080000002
000402010000010000400005200030000409000000008800509100050200800120890600907000001
620004500700008002000007040005000706030000090080600200003040007000000900069050000
000390027000004100060000030006530000700200800500000002630041970005900000000050001
103000009400100000050000304610003790700802000080710400000308076000000000800074001
000005007340007000060134000050000000027640000000000210500300900002001004000000021
009000000020070005570000603400080000203960040068000000000002900000090750600800001
000000030000810000003060809000500080037000000540980000008000070000700065100600020
500000003030000090180073006002030000900600000700000012000020700001700000000854300
000000610300100000800006207000008040109400000580060070050031000003000800000004021
007300200010000584900000000500004090001230000608150700000020870000007043005000000
036000009050008200007006150000603000060710090000409002000020007203000400070000001
100007005600208000080000040000400700004180000090005020001003006003700900007000012
409003000000000916000070000002400509060210703030000002500000000070900600600040300
080006200000000080002570000000800004900003000000054320041030800200700006600005430
006000009000207040000090375010000600003080700000040010060400000004803002207900000
000000600600000020010409050040000560001030090503090000000200070300007000980010000
001300600500070000080406020203000040910602070000000300030060007062080000000000201
080100000000000208154800030000008100500009070097010400063500002400900000000070004
000030060060200080040100700002008904000090000080002000001000000800000003009803521
000300780004007000030200040800000320000501000000070000701000908400010200000002030
073400860000006009400080000001900000320000000008000106000603010000000700000041032
600000308002301000070900006000036807001700000060092000320000004010070600000209001
000754008670000003400090100039000500000000000007510039500020007020007000000900021
470090000060500000300007095700020009000400800090000012003051007000000654900004300
008029050020006009000580100005070290100003075200090000000000000050001006906000004
070300008800007000153900000028004090000006000506800027005409700002080050000000001
050200000300008170087000020504080009200300000090045003002001090000500400000000000
400000510030000060000300087000002900205070000107080000702001000300200005000050000
406005000000200000030000826004009060008000000500600013000021000040000000907500001
000030000070400680200060100000000000700000013000800450094000006030709000080005000
104000002070008000050010090010007060800090700500600018000801000035000800900060000
060080000280000400905600000000000370010067000003009004300004060700500040000090001
000080104100000060000060089020098000700300000006700010041002000600000801050000630
008000003600800100000400050010700080000094001050000400200003000007080590080000010
200030400005209800800000001003090700009624000080000090602540000050003000000700500
600010000804000600000460210000140008003002040000500130000020000002000805987050000
000100400600000803703040060390007000104002590000000000000000080009060000000704021
070205000000000008000004105008090000200410000700000030000068900604900080500000600
908006001103000070000010006000800090400063850000090004500304000304080000090000010
300029000050410000408003000700000805000000700020390060000600080270900000000000210
000084003000020095403000060000060850000903000070800000001002000090000530638000001
000300000005100040070004208300090000700000085000400010003702800006001000080050001
000000008008000506100305000005008000007210900060070010500702800072001000004000000
002500006080000150509000402360700000800030600040000320010604200000000000608320000
000000001705004080826100000000300400009080350000010068400000890050070003007000000
020005394000007008003000000000000000030400006915060000042010080081004050000050030
000090080500070000080002000026000057040001000000730004002000500000800640900000102
002005008000600230000000000000900000016000804905300600803500070500060003600003001
300000081020900040000008000089300000000460190400100020001000970030000000000650300
006000100030500080000027006000000000003940002970062014600000090020001600090000021
307420000001080300000000042000000839003070000005008001000000207706900000080000600
060010405000007000000090100002009006006052030409000000001300007700000004950000020
270006080000007000100500900000700304040308000700109800000000600005800090900020003
060200009070000000000010300400100000007039860006080003040300008030001700900604001
300400070016000090000310002000007000160009700059800000500701900000900040007000320
700106300006000900008400000000600000050097084070004500032900000900500402000000006
000050040003901000000007002200000508130000000408090203020340005050000800800000001
000508100005300000700029005000000007042900003090000400430800900900060300000000200
075086100000000000060510000050001006010030700008040200001052000000000670000000032
000000008000000012005030000050006800082007054006004030060040000030900000870020143
000009000006800032307000010700048200040000003100000700400302980030001000008000020
004000008000070000060080500300060087000002900000000430400000609026900000807640200
109006002070000030040900000700031008300009200002000900000003400000700800080060001
000200308809000047060400000206100000000030070403006020640307009000000000000000210
500008000007000108060370000400090063000700000096450012000000000020009604005000301
300000100008003245000420070007080000006007408010040030004200090070000600600750000
000305000800027040100009300002008500450010008690500010060400890004000000000000001
006000803070000246000040000000300000092010060600809000005100907003000050900050021
000006000005800200710200000001080009009500004800000130000410906040000800907000020
705040009000008400000097060200100006010009703003000000030451000090000000800000040
020600004035100000006350000000007608010000000008540300000800900203000000080005001
000000008000450279002008000405000000003100047006070020700500080000090000500020430
000000070805200006009000508600000000300700020090608000040007000230060490000040052
000000005002007006009300020000090060760010098008000200050204800200008000087050030
000000009500068000000000100100200746005006300070900000000790000080000500650000001
000700200040020009000000067000001006005930000030000010600210908020007050080600000
000000630095080000070000008010204000700500009000010304602000080000002470900600003
080090000650300000200050830000403780024700600700000003000001006001900540000040000
300418000050307100000050009930040000004000600086000410001070000000900056005000020
400008000090010700000007138000100570076002000009004000000000905600200003004600000
005049200000000009070080300002004900000001704047500600600000000000000000080700521
000300600520000090000000058000400085130800760090720000000908000600072000007000001
090000006008000500500009400060500008009006100800090007070380050305000004006000301
050060009204003000000208000000320090300070008001006000002050000000007402980400000
809030000300276000000090000600009000070800005000600012700000980051000060000000500
008000040000130008070080503006010700150070000800002000600300800002000000000004321
000000000608000034049000008034020700010030000000008300000001049020080600000060021
000602000000083000800007020002010006030000004057000803000000000043001070905008030
000000068009600000500000100400029000200080005700005200004000900002850030030006540
000090000072080500030200100000400008400009000003000012024001080300000900980000060
300000900020308057005200006000013800700000600090000000500060098040002003007001000
009100000000070002210030700308000100001200000000000054000007800402001005980000020
000000007002090006040172000015400000090027000000050020300000450600009000000040010
000000050013090000000804600905000700000000495040060000600900000051080040007603001
700008000014000800830000417009100600650030000070004500000000100043802000000050002
080000009004007008600000000540100200007008500800090003900000000000700050000051400
200070108030006005400000020000000070900810000068000002540002900000000040080004000
000070040090068003006500200003000400010420800800003010500030008062001000000000001
300109000214300500009000004000620000000000703700400002020000006000000350005070400
000037002106009000090050000002500008300000000070006203410002050000000706005070000
092500800630010400050603000000130000800000070000005104000002087200080506900000000
400007000000300207700000084008010000603000850007006000000000006000900000096805030
900200008700040050600000100040010009000030015007002000000003807000001060850004000
400009006506000100020000700005000009000200000008060000000005000000020604904070301
000480200800039040003000009010003700700600003006000020060000007020090650980760000
009260300000001000070300200002070090010890005700005040600030900900000001080006000
000000000910520740030000005002000600050200093007059000070390000020001900400000301
000070000003009006000502009000020000005000793800703000500000000020690045600800301
000008000000060400679023001001007000024081050000005020700000000000090004086070002
040000000030005010600008070002050060000300000001870000010647000004000003907503001
090080200050307000000000000000806940030020000806040000040000079320090050000600001
073000004060000180000200005008340000090020000000000023000000000400879050087605000
130000005005300000060084000000003700002070904007006020040000006000800500200060009
005000000108050270390610000000102008000080503900000000600420900040003000000000010
710000008400100009608500002200000080000000094500006100100060000020007060007004001
000007040060200078040000006009000025507800000304090000000002030000500000031709060
000000040040018000600000003205030006080000010000500000020047060304920800000000001
000070060605000008170400009000000730009008005700002090500200007000980600006000300
803020010054000000002087300000640000040205000000310502031000000000930860000000400
005020130000000006060048500000000700240910003070050010652400900400090000000000001
010050000004000009090103260006800700407000000000076010000530090002008600800000000
000038900000000006030005070004000000000002050009000302043021007008007400000600801
000060100040080027030009000001030500090010704805000000004002080503001000000600000
000000000000039087000058000370000900801600000090080014000000001500000090000702650
380400000090000040006000200000020008000370000807604010001000780600100003000060001
020108007000000058300006000040501000700260000009040000510030900430007005000000002
000005300002008090000740000000807004200300000008004200300000000004001702906002001
000000580000800640009006203000430000540000000600090002002000000010900804800700001
000005700004030002000100005003009000002500008090072000400000080900201050800000321
500006000000005020040700030200060098030190400700000000003900000000000503800500019
800000005030015070900070300000200600000400098070060000000020000210900003509000000
002000000600018004000690008100000000000005700000876501006400190400002006000000000
120000000003000000060007410300060007600000000075020903000002000000173050004008230
000010078103020009070300000005001800000000005096000010200640007048090600060008400
000089010310004000000000008200900000003105020060000000050040000001000750090050432
000009410000000506004007000000720030150340000200000000500000007020170004980000020
009004008735000000200097000300600000000002040000500003620000087003000060000005301
007000300200006708109500040003020004000000007800910000400000000000100850000005001
080030000020006050100900300050001670200000000004073000000700008000000760970500002
000003000000000408070520030020948700000000800049060000063210900200007000000000021
000005000006380004000100086000000030078050092000230700803000079200006000067800500
006009570000000000030070004002100090080090000005803410007010000203000705000004300
047000060010000008090026003100000050300100004000604000000005390000902041000030200
000000490010000000950008000500000000078200005003070014001040003300001060000700500
200089000000000120006100090030007640001020005050000000003600900009700500600000031
000053008800040010017000009000000000053800001006021030040010800700000060000006040
000009000000040260100200008000000890000060000006005010050700000720008001980001302
100209000000000206030000800000021080200600000600004130500000000400870050986040000
000340000304000609090100070030050000200000706000010403000501000003600900700002501
000000030014600750570000600005703000000002400000040002603800200408300000001005000
860300040200400000003000008059002006000000005000005123000000071000008000178900030
000007590830009070000030000000100800000900000008070130520040000703000020000000041
003007000280000000000908200000070500400000870960000010074003060000009001006050000
000608000000000354700054000500400000071090000000037010000500800004001065050003401
100520003602300008007000100000800090050006800006045000320000040000102006000000001
010600000000000700000008039600073090700100000038000000100032006300000800085006021
200005000050000408000910200021000050000120800906050001012000083540090106800000000
050400000000010004009008600800000100300006000006005000001000970570000080000740021
009305004020000000000000197458200000000003000200080060010030800000408000900000402
807004030200500000000307800006000080370018400000076010010050040025000003600003000
300500007400027590000090400002010000000005040060073010640000000000901070080000300
000000000003000500504910003020000090000080005700003200000301006300090001070065000
500000300014700050007009000000010000008000670000040500030026080080901060090800430
000057030000100006190030000800000001040006090007002003000023080200080500080700000
000000008064005100300900000030700090000380540700060000040070000610000000080000021
503000008000504103002000090000010007000030000905460300601000985000901700070000000
000000709207000460600500000000000090015002000080900000560001007004007001001605200
000085730006400580000000000000000060350000200040007009060003800401000000080516000
004007209800009050000315070000040700023000000008000010040003000000000405906050001
060009004005070000009000100050100090000000700408760030500031000000800000087540003
000600040097000810080000003000510007061030058005006000746000000000080000000004321
004500008700080102310004090090000004080090000000005800003920700002600000600000000
980000006100080500002040003003000400041056000026010007008400605205100000000000300
000700280700000000620000730001006008007020050000000000084005000500001064000003001
000009200048010009009400000000000600003100580000040030530800000420900000087005000
000000270400002803007390000803000000000630000090580010600000080002400700970000001
100000000000000048000020060240050006000000090050830000000200007002009050908640021
000900000800040039050000006000007360700000080305092000503020800080000010017030000
000009000080000209320600000400038700000050008090402003605000000000003650000005032
100000800000600300060004050070000006005000970090030040300420090000080000086070030
030480005020000100504000080010004600000120030903000020000000009000802050800650000
000020030000005200400009000060001000107200500305060090094002006030070050000000301
000006080000005300070410000106200000402000700008000104000034809800100600007000010
920000000400030000000208050200004360090020080030000900503010000000080040000040721
002070030000000009097005000008007060029008003000900102041000007000800004080060000
801000700020600000600000013700100002240800005300900800000003000000089004080040021
093060700050000000002030000006008070001907040800000500600501000010000000000000320
200004000070010040809000207690030008000400100700006000000070800060820005000600020
000000080060905004002080100050040700800607500000000010030000060205100900006504000
000007040000065009000000200360021070400000000008000301002600090810002700000700030
205000000000013408010000050020000049000900600500700000002001070800000900090076002
002070300040100000900008000000003790009500008480000000001400000070980002000060413
800100004000020180020007300004000000091268000070000210030014000006030052900000000
062009157000450000000007000000000009030000086209005010001030870020000060900760000
480200050000004603060380200005030000040018760600000000500000006904000008000020300
100000005400087000000600010604000000205000800090000052000300000703090000080050401
403008060096000000018400003060000048000010790980060010005001080100700000000000031
000000090000000102000259007004000500090016700760008000650072000423000000000000301
000600000803000090492030000300900080020010600006000002500400800008001005000800420
100000000075080030000600400400002000050000006000006200060070904030010005780000000
050040027006003008004070100000200080000300402000010600021400090360020000000065000
000057000020000100809004200050001060000500040070600002041080070002000000000700300
009480000015000000000000040500004800007000039004170000000000087720030060000005010
045100090600002038000000000520700010090200000000000007300900000000008004007054021
000000068060500300010003007000096000001200000400008000650700901100082700007000430
040000000000000700109080006600000840000198000500003010020030000701900000000004301
069700100000000007000006400090280000005307000800040012001003090020000503000054000
800240070100005000007009200080000060203608000905000380002500000000790010000000003
000060000000400200090005047000100905002600000000050610500307006009000000006004320
100000520003007900070000010360002045000050100000006000502000090000809000087600000
708009000000400100000070403003060009086100000009000015010700000500000000000040030
000006040800300500000087030402008007030200000790600000061000090000090701000005400
740000206000000090000095000500039001010200300008070500000000000000760903080000002
050039000900008000020700090000010060041600308090080400200070006005000870000002043
000000013000206000500070000000700000007000200000058190086000050020500048004010009
000000070070600009068040000500000000100000830090074000000400900002090500080760401
450000008079000000000004100035010000700308060090600000000057680010020000900000030
050100000800000090100302008005200000000890003090003510040901700600030000000004020
000019000090000003700000040030002070400000500000400810000320000321000004007050001
100000000040008700009210000000704800020000300806500000050000007401007050980000401
000006000090100000300590040120930000009000700004000003500061007210300050006050200
200000000007400380009000700001057000830000000000820010000090006700000050000075432
001000530000200000800007010018090000500084000200000040705000964003000000964000300
400006000000030080800050203009600030000084500006000420703000000000060905000701000
000450060000006089000300000100040000070503000000090503030000090049000002700080001
000005600030000080700040009200013000003008000100400005050020070020600504008904000
507306000000000007300108000009001700000009432080025000405000800100000043000000010
030000009040000020007030100000001000000029345009000000020304900100000600000005001
000004050007080064200100000000000700014000000908001000800000905000015008006073002
009000004008200009000009070405060000070504630600070050000000000200000003064007921
020400000069070000000060003000000400003020790790003012040108900600000804000000020
008300000030000905000069070700403000800000500000700080000000009300071050900004321
000300608000000070704000209030008500090561000060070002500000000306000004008040020
060030070500090200300500009006200094000040060000000700000300000102070005080604001
030005020500409000000020070000000000008240006740060200650000980000093000870000030
009000100002005300080140000070000000034060020000002080063420090000090650800000000
003090570000503009700010000040100000005020000000600021000002950070000003000030218
600290108004000000000400290400010009006040000200803000000000870060000000007050301
000200100029004006080000430002001060000800000000605304040098005005000000906500001
100004067070100000009000000003700240010006075700040010020003000300920000004600001
000007009000500680300000100020000000600390070090040302200000000060001400870000001
030001040060005200800000060000010057007000003300076010540300000000080000000000001
030200000002000001500000700000019008010080900060000400650001090000008004080650000
000010040800000006530007000000000009600500400700830000200600000009000064008059301
209000040000200000060008030000704000400089070008063000000000095097000604800070320
010000050000007008000038020100300400040010600008704003400800900000079000007000002
020000090000000283807500000000270000600000059700000001000853900006000000000602810
035006000000090100100500000000020069240100008800600400000031070001900000900000020
650000000090002000008030004005000007370000010100090408030070086500008000007043001
800000040500008020403001506060780000050104200000000090600000007004902000000006000
000000000001030080040085109000900008790000000300540902450060000007800040000700021
000500000003082000020007908400000000070019000009800400000000079000908005087600301
006000004000700000000006073400003090010480500890000010000020900200800000987000020
100000020090320000005000008200001040400930800000200001000410900000000653080053000
057000009000010030100206800000009005001050000600100090040301000008097000900040000
009008001000090350060300009000504000008010500600000004701060900200081000900000402
100402308068300050000010000010000400040100006070050000003601900000000003900040020
000400030000000100170029060803000500050008010007031002002000900600080000080000021
100003070605002100000000500000020800060080050090300014200004000300000065007060032
357000009000400200020000006103900005060010300040080620000052000004700003000000010
000000000000300002809020000010500000000000087600040510402001090006000750980004030
800000000200400075030006020010602500000010009000047000046001900003000000000005032
000040000700590000009020605020000057000007000090000020830000060000903804004060300
000000310000003087028100500003400000100000000005008294000042000200060850806000000
000050000009003007000700050601000009050000016078506000002070900080042000007800400
000009000870040000009030600030000900201000006000375100010900700700100060080700020
200000000094000000000054006000000000010670520006002019040200007001005080070800652
000000070009000100140200309020800600080000057900300002070030086000090000806000000
000007008670005010000420000098001050700000000040008079400000605025000900000040020
000050080300090006008700000090005600000080090500004013001020007260000501070000030
060005300090600004000009510013200000000000000800054000021000080480901050900800200
000000049000000705005030160050003000200900080060400500932004000400070000000000001
007000020061230004400000006008020600046008030000407000052000073010900000009000008
002009000010060430300000100840000000009000500000130700600040900000007650000050001
000075030020300800400000002710000000004009060000030401003000006200906000900040010
409600100000500000000020090000000800010030056060005300395200000001060009070000081
010000580065400007080600000040000005000000070500000210051020000903001000000904020
004000020179025000600400000000080400500009802097000010000000000000900003000003271
080010630000006008010300000030000090102000054500000010000040000043000502058092000
003900000608010000200000108020300000000090860000104000000040007170000053006050401
006020100007800009000000005100009002000000006204000090001600080820900000000004300
004000030806009000100807005001900000060000300090060700003000000700008091010000560
309060020200008700000000400600003000003400091000010200001032000000000674007000000
210900000005000004000030250000300710000029005009005030500090807020070000806000020
400805037005000400000000060000000080037090500000360910040006870710900000006000001
240007005000190400009000000000702030000030000090000520002800970410000800007050000
700000000020090000509060023000005000600901005000040012001032700000000850000654000
000000000010003009560800200000040080000900500090032406630010000021000760900050001
010000000070500040000706005005000000400008506008000200001900004040030002002005631
300010070400000000006300000200000609003000000790006002000004906024900000000560031
106070000200049000030000020001007600000920010800400250000600007700092000000004360
000040000032100000500020097000080000000010874109700500045900000300000905000800010
000039800063500000019008003070084090600000700000005400501000080200890500000000001
605000800000007300070000009100008902400030000900600034001043000049001700708000000
070200600060800290008000000003002000020400800004560000000730000000000064080000012
090030000205907003000402009300005062000000400010000000500010900003070600000600301
000000006100200000700000830043020008010003500000065020000000000020801004009050302
007000000200000070804050100000002800302008095000560010500003900000001700000070041
009700000008030000040005700400016000010000004000080302000020080104000650080603400
008000500000200000106089000090008000400300700000695400000700390052000004000004070
000200701000300008200090300010070500006000000708900100001760000900820000000000612
000030060000200050290000100000000600000503004753090000000005700310060000980002000
010860000058020037000000008100000070000007000300500002000200900021000054087604000
030000000008020604000400100000360008000000090970200400000000005603000040490050361
000170000001006079000005060409000000020418000050000002540000000000090004068000301
800900007156008000000035000000000036000000900400087020610004008004000000007000013
000530000007010230069000040030070806200000000000050010000001080010902600800000001
060700000500008600209000038700000506006000100100300070004020000600001000000640321
000040080010600000790008000002000605000300020000506004004001960003000800000005000
009000000000027003200000680306002000000390000097600000000000095400080006005003401
050020000000006003308010050700000080000500600096000412040009800000001040007000001
200500090179600000000008000500000000001075208020000013060040000000009700005006001
000200000500038010078016000000020607000070000039605000001000900000900000406000021
700802000400090100090000020040000600000010405000005010900001060020700050807904000
050090000003700060000500200300000804100406075004000000002070080000008000907000021
000010000002300000080200030706001090200000500014700600500042008000600000800070021
700030000010000090400800120050000080130000705800040003000600000000003041070100502
600420100000013000090000000104002090030000500002906010005231900003000007000000020
000200140020080006300005200010000008000098050006050000000001070000500004080964020
010063040000019006000400000700000009000300018090000020400000300803000650900500001
000010007030080049207306005000007050650048000000530002500001020001000000000000400
000070000700500100004039007000900008003001000490000013000000000000082604075000231
020005090005203008600010000016070049940000000008000002000000000001804070000002400
000038000010600002804000060008500000403012000000000403320000007007000600005900001
000300006059060200006005040900000000200800015004590000000020000030900054008000001
000009400000000080027180900001620050200000000090004031504000006000790500006000000
007000149010000000629000000500400000070090200400070600000020008040080000080753021
000060010004008000018000000000503098100080602090002000040320000020000064900004000
070205010600400070200030000000027008000000006900600000420500080083900002709000100
065000000001200040009000076008076000000800000100009002000002087002001000070040300
000050000000000030005008690000070900003000470000004003050100000006790050980600020
200050003180300009060009020000700005503000670400000000020001500000002080800000300
083000200000700040490500000000070006300000900750008000040010605005060000009000320
000900003001082000005000010420000958000000000500600030000800709017030000900005020
000060000076085040500301008005400970060700003000050000004020800231000000000000301
000030540000006010072000000000080000000502080850070032004320008021000700000000000
800000006000730049003400070080002000006070094050004003600000000010390080008000030
000007008700000009009506200050000000100008070608300012000083760060010005000004000
405030000000009200100006000000200590007010000500000300000000080002300700040800610
000006003017050008300010000006000090020095010400100000040000900200070650070000001
705080000149006000000109004000910000000008490000000702001002070026001000000050800
010200005000078000060000000850100009146000000700000008500002907000890053009003020
435000708000008045080000000090016803010400000860093000001000000300001600000804302
674000009000003006000020047000000060200040800569000002005300000000001000900000231
000600097200090100000010006402005000060000000700800000040002079900080004875940001
500020400200000000000307100000000800006004005009032600430000000000890000005040021
004000075510300400000200000007060000000438001040009020000000000380700600070804000
000000075090000100025060000006005030008400700000080010040632007080900050000004300
300000600600205000207100050742000030000000009000004010000571000850609040000000001
000070203070006010005201080001400068200000090807000000104020000000700900000004000
900005000000478000720000050000010090100000040060030002402000900010800300008003021
378900000000006700400000000000600070159008400006059800005312900000000000000500001
000000004007028150604005070010200000000003048060040700500600907009000000000000320
000019400000000206300000000000300000002007089800006302000020904500004000900860021
000007008300040070074100030000000090020309000009050001030070000267000940800060000
050000000060308040000005076800400067001500000470000215040020090000800700007000300
070000106000350800000000052750030000000408000008060001300501008010079600080000000
800070300007010000040020090002050000000000008710006002001062000070800040950000201
798000000030400000240010000000000000000348090080750304300000907000801060000503400
000080030390004500008002000000000708500200000000453002030000090010000005009700001
085900000000004000060000280000036700000002065000000300001500000700020040056040001
001005600000020000800700300030400000200010068000072000100000000000000073007053412
109000000000700080004000067000007802510049000090000000040300000320010000000500021
000050040000090260002600009400005090006100000070000500000043000003901002007020031
075000000009000100000000802000095030001830000090070004000740000200000003007050021
540000200700000160000090000600015008001000900000430000302800000000007050000650020
000000002005006400369040100050007030004090000900000240500003008000902600008050000
400510000358006200010002000042008030005000000900420000060001900030890004800000001
030560000874000000605000000000003048003090007490070300000800000000900680000051032
003070002409206000006009040200908570070060000000000100030700090004000003080000001
000000070004009000790004000040502060506000040000010003001070085600001002000200030
000020000305007000260500000000003050090080604008060001000700806070800400080402010
008200400000410000600800000090000008012700300030090020400301090020007060000000002
000000000600405200209000070500000000000201569000709020000930007050800004080070300
300670000010002007000000000502100906060007040008040030650000400000010000004000320
000510000000098000000043205120000000030005080008300502051000904042000006000800300
530200100100300090000000064000030000009000000740106020010400907000000050907005000
500289100009604008000000600000006500301000009702908000000072000200801060007000001
005000030048006000019400200000300000003100009600094000500070090000901700000000501
005043000090000600400000008006200000002304005700006000000000070307008502800005901
000003000008000500740060000107000000060018000900000320500300097000080600000001032
092006100000005008060000200000000000050283000001000720600000000420170900070604300
090000006310002800000300070003000400400000090700065001004200007100007050000600000
009000080086000010200000600000002800000890004540010002090600000000205006000084321
006009307000650010009000200000000090120070500080300001030820000005003000000000102
009007040370400000801000000000000780030018600700060003000500000210300004000000321
050000008800007000000209040730500800090310500000000000500060007900001604000900310
000000730000100006300065000001000008200501060006000002005000007000019800970604001
000500000068002007400000300000000005172000604000010703000000070304086001000001002
000020800080000604070000050300000005005000070060580300003050200000849030090600000
070008000809060507006010380320046050004200060000090000540700000000000900000000002
000600000200005090050209000000070800000094020607000000001540002004908006080000000
010600700006000034000080005000010000104957000059346000000030007302001046000004000
000006400070300000009200030500030000840000590000400003600000870001800600007050000
000000030000107600009520001000000007002000080500006000051840900400070000908060003
064000090800000400020060000090006078000050000005070209500200800006708000007000001
000320000395000000000050080050000840600007005048005000001700400000280700070000021
000000200802000054000008090000300100000046000650000000021500070570801600060003020
050000710000106000040070006000300170000200005801060002003010000000907640080000200
800040006000000070000300008009003700010650000400010000050001000300870654000000301
900540060000006000000030000800000400050002009006000302401920006000680003080000901
109004000020000004040128000030010500005200043000000020300040080000000602007006010
000008000920017000100000006000406800280000000009800020400630000002790004090000310
320607000090001500005000460700806000000000090800729600001000000000000904080500020
000007000020050030380020165210000500000000090070035002500071000001000000000060320
000000008000070040050000020000204006400093000008050092002001000013000965900700030
000076020609400108000000400051200000030000075800600000500902003000010002080030000
000079000000601000006000029009407030042000000300920070500160000000000042087040306
000240800008900600460000500070080406640000000005070000000029000001000900080000021
000070020000206000050000090007900000000010509080000300500000008400092760008001400
200006008069000100000000004000060700730100000000030400054010800006007003000043020
300004090009860005000000100003926007050100000600000000500390800000080200806000310
003007100050000000200000034074200000005090006000005023000410000030009050007600001
100039850000200070000040100005000090083050060000803005034700006800004000000000001
000200048000003000008010009000000200094730000870090000050000000620000900007045300
000060008000019050090803020201000600500030000400506000000900700060000004908040000
000700009000019200000004087504200008000000096009060402001006070802100000900040000
000000000000000108010050290000004000002070004300806702050420007001900053907000000
100000320008049070000003600004902000070610000800000003005000008400001000000760000
002000007060800000500210000006100005020000600900560010000703000000000050870000041
000000000000138050100400208203000190410000080090000400000000605009671000800003020
630280000050100006000300100010008004000900017008000000003420008000000050907000020
850000010400050007702004080200100400096000000000069030020803000340000000000000001
030090006000800000502000000010003047726040003000000600601700000043900000000650301
000005060003070010170009000000190085000050003006000192060000000000403950980000000
050000003600037000000000140014300000300000006008000020000060800030500017705010002
070100000010060009000092030200000090000070604090050003020300000007000005000085401
700020300290000106003000020004200005100005007000000043060000900005801000900040000
002004500000600009000109000005000860086000000030000001600002007700091003000000410
000001000602000900005090036570060800400000000060870003050030070001000508900700000
004060080003000000000840005000000900940020000700100640070000098030250760009700020
000000507000071900050000004201090000000002073060030400002703000006000000008054300
360000007002000000000060100000800403010009006800406000650700000004001070000004321
000000009009006700040005000003000020200014000500008014030701900700050600005000000
100057000070000000905024000604008039000000000008003042001300080020000003030900001
000002008020008630006090000004000900000067050090540000500000806700850000000020001
000200000400000003930640000000500009300097800007030010041000000000070650000054030
107060000000910000600000308000003069250800000301000000000000000830000604000004231
206008000000040000030010200000900030000000004709006180650000800400302600070000020
009068000630000000000030400002700080010000062000080504491070050070309000000000010
000000000012070049508400006000040000000200060004890302000000000407620000006784001
000000400000030070200007800000000000000506009047210003700000960310000500986000001
000000009203009000060800270040000060000028500090700012300004600054060000000030001
020000000000050000005193062006005700209000000000900301004000900000030670080064005
400900005010083020000000100006020700004000006080405000000030080060700000970050302
000000207003007010800600000520100000006300089070000040000800490001050800000000020
000009160700000305000000040040000000160400070030700000001080000604901800900002430
000000400070500100060020300600800000000153070500004030000002090200001060900030040
020000009000100800860040310095000000400002700700003000000400900042070000900605001
000100004103000000000637200040060000700904030000008042030026007900000050000005001
008009300004100050000030007500000080000000009940306000003002070000045060765000001
500090040723100000000050007300800709000009010005000080207001000000240900008000300
000060300700053000200000490507000004080002009102006800000700030400021700000000001
800700250000030000020060108000000900000070400080403002040000070302090000070006301
460020080000000100010003004000307000048000065950064000082000006630700000000000030
000000370600007002000040000700000005005310080000000410360050000008930064400002001
000002010000003600003090000024000007000200006007006300000001900042030000000005421
000200780000900020090400006007043000080002607004009200532800000079000800000007000
740003910200050008000010000004030805000000041000001000000070080607500402500000000
000005000703000000029700010090000008008210004401800500010000987000007000080000002
008400030000050000010070000307800405000000600680039000503000060006000807000004000
700000000100000350040095020007003500001000004000810000024080000300000000006040931
000206000850070300020008100064030090010000604000800000700000000405000060090007001
800001000600000200003070009050000090000105000004306002420000700007000050590700300
057000000400600700020000010016008090000200106500070040300000000060500402000032900
000090508000000000200050043000064000004002007001975000040030900009800004006000321
180300000200000007000070050000400800320900060090010000600001000050000020000043106
260009100300060000000305004000000608400200090009070000040000000000001047706500021
008090050000000000000103640000010700601000900035080402050000006090070000006540090
009400000000000600016000850200700010000900700000001026402030060100000000000080532
006070040001080500030900060000400107000000000003210000070090000900658300008000000
100007080047803100300060400060000000500000009090200507000002008000109006080050300
005030000300600200007010000000098000620007095708200004500024000040000700000000032
008000009500002100170009200005300000300010080090047000000200000430000700000050001
200000538000000009300015000005800000070009000000200400640000000703001600008064020
090000030604000800200403006920730500470000000000000012000020600300000000000504021
030000050570000068009400000000060800060190500000507001001030900000900002080000030
000030006020609010080012590140007009270000005003480000001000000030800000000900021
050000600000000000002500074400207060000400010800000900001002700700009050680003400
000400000030000000500082009000007600200908000070050010701500000000000052006200031
048000000000037004001005300500008740080006002063040000030050900000200000000090001
000300060050004009004020003000700190000000200106009007020000000060500430970000000
060000450070140000000006000200400009008290000700010500000002800042000060000600301
000007000009300010000400075302000008700020500098000040540000900000801000907050001
000000060460009007108000200352000600000065004700800010000702900030001070000030000
000000085063500090010020600020010060170000500600807210400001000030200900900000000
100600008090200040700000201002300000006010804000040010001000000000970060080005002
000600080000308006009005000000400350507000000000069002050840600040001005800000420
014000062000027090009000000000309080051700030000600100003901075000000000980500000
700009180040082000000000000020000530000000070004003209002861000607200803005000000
090000028800001000203057000008070650000009700000004000000490500046030000000005002
000780300600051000000400000000000006068205004000090032040000060700008500806003010
050100300009200154000040080000070008090000427005000900000702000320001000008006031
000000002004003500300070000050000400000010008702800000005021800000700054000600320
400509200085300000020000000040003708006701400098000000300002000000000850000004001
000100200007409300420600000003080090210000700090004000000000006001000032070500410
004000007300100004080009000100095800000800000059010020000402000092500700000001032
000000006008016320310000000000400000203080000000509710031040000000000650900805000
079000800400000009803200540000001080100090005040006003000100008030070000007004020
050070004000005030760020050400010009100940000006000400040032000302800000090060001
008095400160087050000000000050010000200700040907006001601000580590000006000000010
004006010009030000000720000000000708060208005005490030001800004500000870900000000
005000000000060900091250070002400800000000060750190000000930006020700000007000021
000306200367000000900080000002003007000500030800062009000120000006000040000074001
000400090090007100104002000501200000000000060806039000009000800032100004000000301
010006300500010900000000045000050200000087004806400000701000090600000050000005430
460009000700230009000070042000760000305002700000040010006000003020005000003080400
000030100300070000050100200005010030000900075090500000000020080203000600006704001
060100007003040000000006003030000200400890060800700400045010009020970600970000000
000007050000000000079048200040003090803029000500000000050630900020004760000000012
280000030030900000400008700001050000023009000070000012000140980040002000000080021
060070014100006000005000000300040200040000109000500040050300000002090705890004300
270000680030070000000490000001060200000007056005030009000000900080300700000900032
500030006000002000406000700300000409001000000740008030000020080002800000000054301
000000009204000030090210000000003500306000048049080010000400000412000000070605000
206009000000000300000050710500020000000900500090003020050300080028001070900060001
000000000021305009005090070060030000102700000000000100600200080000809000907600021
003200708000090600060000030090080000010000053006009100000300007700000800080760021
020100003310000000000008040000075006600000000004000032000000007103980000009500020
900005000520308000000000040005000090704080605006070002001803000070600800000000020
020100000080070309000006070000000800140000060097500000050004000300090100000001032
106000000400095000020000000000002070010740005008060003600500000052000001901000032
000200004500000009009015280060000000400189600000700010004003000003000800980054001
100000030498000000000500000000070501070040006800100003050301907000780000900050000
500000700103000006409000000700100000000960800000050200002030087300090000000005401
008000000106308002042090100059020600301080400000000020000000070000910060000005003
400197200000000070000200045006520000000901006007000510010800060200000000000054300
007000015008509000000000260060002100092008700100000000050400006001000000070950000
005800002460200000000000503040009700090002006300060010054300000130000000080600021
260005800008000000003400060005086700020040000600570000030610070502007600070000001
109008050000050040040000003000093800008200500000000000002030980360900000000700032
060320100800000200000908000030270040048001600000000002003080009000000060080604000
400100000000350800001200050100000000560007000000530002310000007600080043008000021
000410063008000000100009000000070080010200500000005000502000006000000804807054031
504010000010000300003054000008000100000075004000960070105000890000000003907000000
000000930000000000010608005200049070095060400000003000501020000030001004006050020
008000000000002005060000170000060050047201800005000003020030000000520600910800030
200309700000100000003080100100000300000003004008670000052001980000008050900005031
000020008000009700300800020008030000000100870460000003201400000703900050900000032
000004000379050000604000200005010097006900850000060100700002000000190000900080043
070050009009020560300700040000300086060200900008005000400001000051000090000000602
005000070004017000100090050006000803010200000700863000001600000900080500807000001
400100000002000004008090100006403800080000010007906200003070000200000605000002001
902060300850000060000000000170850000009207600000016050000000000030000078004090200
300000000600000048507006300080700100100603002005008060003100906790000005000000003
000705006000040081000030050041000008060000020500000430000070000978050000300201000
300000000970010000600583000200000900500621003008000005000435002000090056000000001
000000000001900500560310090100600028004000700270004003040068035002005900000000000
000704005020010070000080002090006250600070008053200010400090000030060090200407000
309000400200709000087000000750060230600904008028050041000000590000106007006000104
720096003000205000080004020000000060106503807040000000030800090000702000200430018
000004028406000005100030600000301000087000140000709000002010003900000507670400000
300967001040302080020000070070000090000873000500010003004705100905000207800621004
030609020000280000100000009000000653720060091365000000200000007000016000010507040